url_path,views_total,views_unique
/miroapp/api-clients/blob/main/packages/generator/spec.json,33,29
/miroapp/api-clients,25,20
/miroapp/api-clients/tree/main/packages/miro-api-python/example,17,7
/miroapp/api-clients/blob/041de24ebf7955432b447d887ede066ad4c7e2c7/packages/generator/spec.json,13,9
/miroapp/api-clients/tree/main/packages/miro-api,6,6
/miroapp/api-clients/tree/main/apps,6,5
/miroapp/api-clients/blob/main/packages/miro-api-python/example/app.py,6,3
/miroapp/api-clients/issues,5,4
/miroapp/api-clients/tree/main,5,4
/miroapp/api-clients/pulls,4,4
